r = [0.6 -0.39 0.77]

r1 = [-0.1 -1 -0.01]